20070101
20070102
20070103
20070108
20070212
20070321
20070430
20070503
20070504
20070716
20070917
20070924
20071008
20071123
20071224
20071231
20080101
20080102
20080103
20080114
20080211
20080320
20080429
20080505
20080721
20080915
20080923
20081013
20081103
20081124
20081223
20081231
20090101
20090102
20090112
20090211
20090320
20090429
20090504
20090505
20090720
20090921
20090922
20090923
20091012
20091103
20091123
20091223
20091231
20100101
20100111
20100211
20100322
20100429
20100503
20100504
20100505
20100719
20100920
20100923
20101011
20101103
20101123
20101223
20101231
20110103
20110110
20110211
20110321
20110429
20110503
20110504
20110505
20110718
20110919
20110923
20111010
20111103
20111123
20111223
20120102
20120103
20120109
20120320
20120430
20120503
20120504
20120716
20120917
20121008
20121123
20121224
20121231
20130101
20130102
20130103
20130114
20130211
20130320
20130429
20130503
20130506
20130715
20130916
20130923
20131014
20131104
20131223
20131231
20140101
20140102
20140103
20140113
20140211
20140321
20140429
20140505
20140721
20140915
20140923
20141013
20141103
20141124
20141223
20141231
20150101
20150102
20150112
20150211
20150429
20150504
20150505
20150720
20150921
20150922
20150923
20151012
20151103
20151123
20151223
20151231
20160101
20160111
20160211
20160321
20160429
20160503
20160504
20160505
20160718
20160919
20160922
20161010
20161103
20161123
20161223
20170102
20170103
20170109
20170320
20170503
20170504
20170505
20170717
20170918
20171009
20171103
20171123
20180101
20180102
20180103
20180108
20180212
20180321
20180430
20180503
20180504
20180716
20180917
20180924
20181008
20181123
20181224
20181231
20190101
20190102
20190103
20190114
20190211
20190321
20190429
20190503
20190506
20190715
20190916
20190923
20191014
20191104
20191223
20191231
20200101
20200102
20200103
20200113
20200211
20200320
20200429
20200504
20200505
20200720
20200921
20200922
20200923
20201012
20201103
20201123
20201223
20201231
20210101
20210111
20210211
20210429
20210503
20210504
20210505
20210719
20210920
20210923
20211011
20211103
20211123
20211223
20211231
20220103
20220110
20220211
20220321
20220429
20220503
20220504
20220505
20220718
20220919
20220923
20221010
20221103
20221123
20221223
20230102
20230103
20230109
20230321
20230503
20230504
20230505
20230717
20230918
20231009
20231103
20231123
20240101
20240102
20240103
20240108
20240212
20240320
20240429
20240503
20240506
20240715
20240916
20240923
20241014
20241104
20241223
20241231
20250101
20250102
20250103
20250113
20250211
20250320
20250429
20250505
20250721
20250915
20250923
20251013
20251103
20251124
20251223
20251231
20260101
20260102
20260112
20260211
20260320
20260429
20260504
20260505
20260720
20260921
20260922
20260923
20261012
20261103
20261123
20261223
20261231
20270101
20270111
20270211
20270322
20270429
20270503
20270504
20270505
20270719
20270920
20270923
20271011
20271103
20271123
20271223
20271231
20280103
20280110
20280211
20280320
20280503
20280504
20280505
20280717
20280918
20280922
20281009
20281103
20281123
20290101
20290102
20290103
20290108
20290212
20290320
20290430
20290503
20290504
20290716
20290917
20290924
20291008
20291123
20291224
20291231
20300101
20300102
20300103
20300114
20300211
20300320
20300429
20300503
20300506
20300715
20300916
20300923
20301014
20301104
20301223
20301231
20310101
20310102
20310103
20310113
20310211
20310321
20310429
20310505
20310721
20310915
20310923
20311013
20311103
20311124
20311223
20311231
20320101
20320102
20320112
20320211
20320429
20320503
20320504
20320505
20320719
20320920
20320921
20320922
20321011
20321103
20321123
20321223
20321231
20330103
20330110
20330211
20330321
20330429
20330503
20330504
20330505
20330718
20330919
20330923
20331010
20331103
20331123
20331223
20340102
20340103
20340109
20340320
20340503
20340504
20340505
20340717
20340918
20341009
20341103
20341123
20350101
20350102
20350103
20350108
20350212
20350321
20350430
20350503
20350504
20350716
20350917
20350924
20351008
20351123
20351224
20351231
20360101
20360102
20360103
20360114
20360211
20360320
20360429
20360505
20360721
20360915
20360922
20361013
20361103
20361124
20361223
20361231
20370101
20370102
20370112
20370211
20370320
20370429
20370504
20370505
20370720
20370921
20370922
20370923
20371012
20371103
20371123
20371223
20371231
20380101
20380111
20380211
20380429
20380503
20380504
20380505
20380719
20380920
20380923
20381011
20381103
20381123
20381223
20381231
20390103
20390110
20390211
20390321
20390429
20390503
20390504
20390505
20390718
20390919
20390923
20391010
20391103
20391123
20391223
20400102
20400103
20400109
20400320
20400430
20400503
20400504
20400716
20400917
20400924
20401008
20401123
20401224
20401231
20410101
20410102
20410103
20410114
20410211
20410320
20410429
20410503
20410506
20410715
20410916
20410923
20411014
20411104
20411223
20411231
20420101
20420102
20420103
20420113
20420211
20420320
20420429
20420505
20420721
20420915
20420923
20421013
20421103
20421124
20421223
20421231
20430101
20430102
20430112
20430211
20430429
20430504
20430505
20430720
20430921
20430922
20430923
20431012
20431103
20431123
20431223
20431231
20440101
20440111
20440211
20440321
20440429
20440503
20440504
20440505
20440718
20440919
20440922
20441010
20441103
20441123
20441223
20450102
20450103
20450109
20450320
20450503
20450504
20450505
20450717
20450918
20450922
20451009
20451103
20451123
20460101
20460102
20460103
20460108
20460212
20460320
20460430
20460503
20460504
20460716
20460917
20460924
20461008
20461123
20461224
20461231
20470101
20470102
20470103
20470114
20470211
20470321
20470429
20470503
20470506
20470715
20470916
20470923
20471014
20471104
20471223
20471231
20480101
20480102
20480103
20480113
20480211
20480320
20480429
20480504
20480505
20480720
20480921
20480922
20481012
20481103
20481123
20481223
20481231
20490101
20490111
20490211
20490429
20490503
20490504
20490505
20490719
20490920
20490921
20490922
20491011
20491103
20491123
20491223
20491231
20500103
20500110
20500211
20500321
20500429
20500503
20500504
20500505
20500718
20500919
20500923
20501010
20501103
20501123
20501223
20510102
20510103
20510109
20510321
20510503
20510504
20510505
20510717
20510918
20511009
20511103
20511123
20520101
20520102
20520103
20520108
20520212
20520320
20520429
20520503
20520506
20520715
20520916
20520923
20521014
20521104
20521223
20521231
20530101
20530102
20530103
20530113
20530211
20530320
20530429
20530505
20530721
20530915
20530922
20531013
20531103
20531124
20531223
20531231
20540101
20540102
20540112
20540211
20540320
20540429
20540504
20540505
20540720
20540921
20540922
20540923
20541012
20541103
20541123
20541223
20541231
20550101
20550111
20550211
20550322
20550429
20550503
20550504
20550505
20550719
20550920
20550923
20551011
20551103
20551123
20551223
20551231
20560103
20560110
20560211
20560320
20560503
20560504
20560505
20560717
20560918
20560922
20561009
20561103
20561123
